A 10    2 30   4 2   3 1  1 20 *
2 10    3 30   5 2   4 1  1 20 *
3 10    4 30   6 2   5 1  1 20 *
4 10    5 30   7 2   6 1  1 20 *
5 10    6 30   8 2   7 1  1 20 *
1 10    2 30   4 2   3 1  1 20 *
2 10    3 30   5 2   4 1  1 20 *
3 10    4 30   6 2   5 1  1 20 *
4 10    5 30   7 2   6 1  1 20 *
5 10    6 30   8 2   7 1  1 20 *
1 10    2 30   4 2   3 1  1 20 *
2 10    3 30   5 2   4 1  1 20 *
3 10    4 30   6 2   5 1  1 20 *
4 10    5 30   7 2   6 1  1 20 *
5 10    6 30   8 2   7 1  1 20 *
1 10    2 30   4 2   3 1  1 20 *
2 10    3 30   5 2   4 1  1 20 *
3 10    4 30   6 2   5 1  1 20 *
4 10    5 30   7 2   6 1  1 20 *
5 10    6 30   8 2   7 1  1 20 *
1 10    2 30   4 2   3 1  1 20 *
2 10    3 30   5 2   4 1  1 20 *
3 10    4 30   6 2   5 1  1 20 *
4 10    5 30   7 2   6 1  1 20 *
5 10    6 30   8 2   7 1  1 20 *
1 10    2 30   4 2   3 1  1 20 *
2 10    3 30   5 2   4 1  1 20 *
3 10    4 30   6 2   5 1  1 20 *
4 10    5 30   7 2   6 1  1 20 *
5 10    6 30   8 2   7 1  1 20 *
1 10    2 30   4 2   3 1  1 20 *
2 10    3 30   5 2   4 1  1 20 *
3 10    4 30   6 2   5 1  1 20 *
4 10    5 30   7 2   6 1  1 20 *
5 10    6 30   8 2   7 1  1 20 *
1 10    2 30   4 2   3 1  1 20 *
2 10    3 30   5 2   4 1  1 20 *
3 10    4 30   6 2   5 1  1 20 *
4 10    5 30   7 2   6 1  1 20 *
5 10    6 30   8 2   7 1  1 20 *
5 10    6 30   8 2   7 1  1 20 *
1 10    2 30   4 2   3 1  1 20 *
2 10    3 30   5 2   4 1  1 20 *
3 10    4 30   6 2   5 1  1 20 *
4 10    5 30   7 2   6 1  1 20 *
